(kicad_pcb (version 20171130) (host pcbnew "(5.1.4)-1")

  (general
    (thickness 1.6)
    (drawings 7)
    (tracks 74)
    (zones 0)
    (modules 12)
    (nets 12)
  )

  (page A4)
  (layers
    (0 F.Cu signal)
    (31 B.Cu signal)
    (32 B.Adhes user)
    (33 F.Adhes user)
    (34 B.Paste user)
    (35 F.Paste user)
    (36 B.SilkS user)
    (37 F.SilkS user)
    (38 B.Mask user)
    (39 F.Mask user)
    (40 Dwgs.User user)
    (41 Cmts.User user)
    (42 Eco1.User user)
    (43 Eco2.User user)
    (44 Edge.Cuts user)
    (45 Margin user)
    (46 B.CrtYd user)
    (47 F.CrtYd user)
    (48 B.Fab user)
    (49 F.Fab user)
  )

  (setup
    (last_trace_width 0.25)
    (trace_clearance 0.2)
    (zone_clearance 0.508)
    (zone_45_only no)
    (trace_min 0.2)
    (via_size 0.8)
    (via_drill 0.4)
    (via_min_size 0.4)
    (via_min_drill 0.3)
    (uvia_size 0.3)
    (uvia_drill 0.1)
    (uvias_allowed no)
    (uvia_min_size 0.2)
    (uvia_min_drill 0.1)
    (edge_width 0.1)
    (segment_width 0.2)
    (pcb_text_width 0.3)
    (pcb_text_size 1.5 1.5)
    (mod_edge_width 0.15)
    (mod_text_size 1 1)
    (mod_text_width 0.15)
    (pad_size 1.524 1.524)
    (pad_drill 0.762)
    (pad_to_mask_clearance 0)
    (aux_axis_origin 0 0)
    (visible_elements FFFFFF7F)
    (pcbplotparams
      (layerselection 0x010fc_ffffffff)
      (usegerberextensions false)
      (usegerberattributes false)
      (usegerberadvancedattributes false)
      (creategerberjobfile false)
      (excludeedgelayer true)
      (linewidth 0.100000)
      (plotframeref false)
      (viasonmask false)
      (mode 1)
      (useauxorigin false)
      (hpglpennumber 1)
      (hpglpenspeed 20)
      (hpglpendiameter 15.000000)
      (psnegative false)
      (psa4output false)
      (plotreference true)
      (plotvalue true)
      (plotinvisibletext false)
      (padsonsilk false)
      (subtractmaskfromsilk false)
      (outputformat 1)
      (mirror false)
      (drillshape 1)
      (scaleselection 1)
      (outputdirectory ""))
  )

  (net 0 "")
  (net 1 "Net-(M1-Pad1)")
  (net 2 "Net-(M1-Pad2)")
  (net 3 "Net-(Q1-Pad2)")
  (net 4 "Net-(Q1-Pad3)")
  (net 5 "Net-(Q2-Pad2)")
  (net 6 "Net-(Q2-Pad1)")
  (net 7 "Net-(Q3-Pad1)")
  (net 8 "Net-(Q3-Pad2)")
  (net 9 "Net-(Q4-Pad2)")
  (net 10 "Net-(R2-Pad2)")
  (net 11 "Net-(SW1-Pad1)")

  (net_class Default "Esta es la clase de red por defecto."
    (clearance 0.2)
    (trace_width 0.25)
    (via_dia 0.8)
    (via_drill 0.4)
    (uvia_dia 0.3)
    (uvia_drill 0.1)
    (add_net "Net-(M1-Pad1)")
    (add_net "Net-(M1-Pad2)")
    (add_net "Net-(Q1-Pad2)")
    (add_net "Net-(Q1-Pad3)")
    (add_net "Net-(Q2-Pad1)")
    (add_net "Net-(Q2-Pad2)")
    (add_net "Net-(Q3-Pad1)")
    (add_net "Net-(Q3-Pad2)")
    (add_net "Net-(Q4-Pad2)")
    (add_net "Net-(R2-Pad2)")
    (add_net "Net-(SW1-Pad1)")
  )

  (module TerminalBlock:TerminalBlock_bornier-2_P5.08mm (layer F.Cu) (tedit 59FF03AB) (tstamp 5DC27061)
    (at 189.1792 110.1852 270)
    (descr "simple 2-pin terminal block, pitch 5.08mm, revamped version of bornier2")
    (tags "terminal block bornier2")
    (path /5DC32158)
    (fp_text reference M1 (at 2.54 -5.08 90) (layer F.SilkS)
      (effects (font (size 1 1) (thickness 0.15)))
    )
    (fp_text value Motor_DC (at 2.54 5.08 90) (layer F.Fab)
      (effects (font (size 1 1) (thickness 0.15)))
    )
    (fp_text user %R (at 2.54 0 90) (layer F.Fab)
      (effects (font (size 1 1) (thickness 0.15)))
    )
    (fp_line (start -2.41 2.55) (end 7.49 2.55) (layer F.Fab) (width 0.1))
    (fp_line (start -2.46 -3.75) (end -2.46 3.75) (layer F.Fab) (width 0.1))
    (fp_line (start -2.46 3.75) (end 7.54 3.75) (layer F.Fab) (width 0.1))
    (fp_line (start 7.54 3.75) (end 7.54 -3.75) (layer F.Fab) (width 0.1))
    (fp_line (start 7.54 -3.75) (end -2.46 -3.75) (layer F.Fab) (width 0.1))
    (fp_line (start 7.62 2.54) (end -2.54 2.54) (layer F.SilkS) (width 0.12))
    (fp_line (start 7.62 3.81) (end 7.62 -3.81) (layer F.SilkS) (width 0.12))
    (fp_line (start 7.62 -3.81) (end -2.54 -3.81) (layer F.SilkS) (width 0.12))
    (fp_line (start -2.54 -3.81) (end -2.54 3.81) (layer F.SilkS) (width 0.12))
    (fp_line (start -2.54 3.81) (end 7.62 3.81) (layer F.SilkS) (width 0.12))
    (fp_line (start -2.71 -4) (end 7.79 -4) (layer F.CrtYd) (width 0.05))
    (fp_line (start -2.71 -4) (end -2.71 4) (layer F.CrtYd) (width 0.05))
    (fp_line (start 7.79 4) (end 7.79 -4) (layer F.CrtYd) (width 0.05))
    (fp_line (start 7.79 4) (end -2.71 4) (layer F.CrtYd) (width 0.05))
    (pad 1 thru_hole rect (at 0 0 270) (size 3 3) (drill 1.52) (layers *.Cu *.Mask)
      (net 1 "Net-(M1-Pad1)"))
    (pad 2 thru_hole circle (at 5.08 0 270) (size 3 3) (drill 1.52) (layers *.Cu *.Mask)
      (net 2 "Net-(M1-Pad2)"))
    (model ${KISYS3DMOD}/TerminalBlock.3dshapes/TerminalBlock_bornier-2_P5.08mm.wrl
      (offset (xyz 2.539999961853027 0 0))
      (scale (xyz 1 1 1))
      (rotate (xyz 0 0 0))
    )
  )

  (module Package_TO_SOT_THT:TO-39-3 (layer F.Cu) (tedit 5A02FF81) (tstamp 5DC27076)
    (at 158.5976 103.8987 90)
    (descr TO-39-3)
    (tags TO-39-3)
    (path /5DC23657)
    (fp_text reference Q1 (at 2.54 -5.82 90) (layer F.SilkS)
      (effects (font (size 1 1) (thickness 0.15)))
    )
    (fp_text value 2N2219 (at 2.54 5.82 90) (layer F.Fab)
      (effects (font (size 1 1) (thickness 0.15)))
    )
    (fp_text user %R (at 2.54 -5.82 90) (layer F.Fab)
      (effects (font (size 1 1) (thickness 0.15)))
    )
    (fp_line (start -0.465408 -3.61352) (end -1.27151 -4.419621) (layer F.Fab) (width 0.1))
    (fp_line (start -1.27151 -4.419621) (end -1.879621 -3.81151) (layer F.Fab) (width 0.1))
    (fp_line (start -1.879621 -3.81151) (end -1.07352 -3.005408) (layer F.Fab) (width 0.1))
    (fp_line (start -0.457084 -3.774902) (end -1.348039 -4.665856) (layer F.SilkS) (width 0.12))
    (fp_line (start -1.348039 -4.665856) (end -2.125856 -3.888039) (layer F.SilkS) (width 0.12))
    (fp_line (start -2.125856 -3.888039) (end -1.234902 -2.997084) (layer F.SilkS) (width 0.12))
    (fp_line (start -2.41 -4.95) (end -2.41 4.95) (layer F.CrtYd) (width 0.05))
    (fp_line (start -2.41 4.95) (end 7.49 4.95) (layer F.CrtYd) (width 0.05))
    (fp_line (start 7.49 4.95) (end 7.49 -4.95) (layer F.CrtYd) (width 0.05))
    (fp_line (start 7.49 -4.95) (end -2.41 -4.95) (layer F.CrtYd) (width 0.05))
    (fp_circle (center 2.54 0) (end 6.79 0) (layer F.Fab) (width 0.1))
    (fp_arc (start 2.54 0) (end -0.465408 -3.61352) (angle 349.5) (layer F.Fab) (width 0.1))
    (fp_arc (start 2.54 0) (end -0.457084 -3.774902) (angle 346.9) (layer F.SilkS) (width 0.12))
    (pad 1 thru_hole oval (at 0 0 90) (size 1.6 1.2) (drill 0.7) (layers *.Cu *.Mask)
      (net 2 "Net-(M1-Pad2)"))
    (pad 2 thru_hole oval (at 2.54 2.54 90) (size 1.2 1.2) (drill 0.7) (layers *.Cu *.Mask)
      (net 3 "Net-(Q1-Pad2)"))
    (pad 3 thru_hole oval (at 5.08 0 90) (size 1.2 1.2) (drill 0.7) (layers *.Cu *.Mask)
      (net 4 "Net-(Q1-Pad3)"))
    (model ${KISYS3DMOD}/Package_TO_SOT_THT.3dshapes/TO-39-3.wrl
      (at (xyz 0 0 0))
      (scale (xyz 1 1 1))
      (rotate (xyz 0 0 0))
    )
  )

  (module Package_TO_SOT_THT:TO-39-3 (layer F.Cu) (tedit 5A02FF81) (tstamp 5DC2708B)
    (at 158.6103 114.6429 90)
    (descr TO-39-3)
    (tags TO-39-3)
    (path /5DC23EE4)
    (fp_text reference Q2 (at 2.54 -5.82 90) (layer F.SilkS)
      (effects (font (size 1 1) (thickness 0.15)))
    )
    (fp_text value 2N2219 (at 2.54 5.82 90) (layer F.Fab)
      (effects (font (size 1 1) (thickness 0.15)))
    )
    (fp_arc (start 2.54 0) (end -0.457084 -3.774902) (angle 346.9) (layer F.SilkS) (width 0.12))
    (fp_arc (start 2.54 0) (end -0.465408 -3.61352) (angle 349.5) (layer F.Fab) (width 0.1))
    (fp_circle (center 2.54 0) (end 6.79 0) (layer F.Fab) (width 0.1))
    (fp_line (start 7.49 -4.95) (end -2.41 -4.95) (layer F.CrtYd) (width 0.05))
    (fp_line (start 7.49 4.95) (end 7.49 -4.95) (layer F.CrtYd) (width 0.05))
    (fp_line (start -2.41 4.95) (end 7.49 4.95) (layer F.CrtYd) (width 0.05))
    (fp_line (start -2.41 -4.95) (end -2.41 4.95) (layer F.CrtYd) (width 0.05))
    (fp_line (start -2.125856 -3.888039) (end -1.234902 -2.997084) (layer F.SilkS) (width 0.12))
    (fp_line (start -1.348039 -4.665856) (end -2.125856 -3.888039) (layer F.SilkS) (width 0.12))
    (fp_line (start -0.457084 -3.774902) (end -1.348039 -4.665856) (layer F.SilkS) (width 0.12))
    (fp_line (start -1.879621 -3.81151) (end -1.07352 -3.005408) (layer F.Fab) (width 0.1))
    (fp_line (start -1.27151 -4.419621) (end -1.879621 -3.81151) (layer F.Fab) (width 0.1))
    (fp_line (start -0.465408 -3.61352) (end -1.27151 -4.419621) (layer F.Fab) (width 0.1))
    (fp_text user %R (at 2.54 -5.82 90) (layer F.Fab)
      (effects (font (size 1 1) (thickness 0.15)))
    )
    (pad 3 thru_hole oval (at 5.08 0 90) (size 1.2 1.2) (drill 0.7) (layers *.Cu *.Mask)
      (net 2 "Net-(M1-Pad2)"))
    (pad 2 thru_hole oval (at 2.54 2.54 90) (size 1.2 1.2) (drill 0.7) (layers *.Cu *.Mask)
      (net 5 "Net-(Q2-Pad2)"))
    (pad 1 thru_hole oval (at 0 0 90) (size 1.6 1.2) (drill 0.7) (layers *.Cu *.Mask)
      (net 6 "Net-(Q2-Pad1)"))
    (model ${KISYS3DMOD}/Package_TO_SOT_THT.3dshapes/TO-39-3.wrl
      (at (xyz 0 0 0))
      (scale (xyz 1 1 1))
      (rotate (xyz 0 0 0))
    )
  )

  (module Package_TO_SOT_THT:TO-39-3 (layer F.Cu) (tedit 5A02FF81) (tstamp 5DC270A0)
    (at 176.4411 104.267 90)
    (descr TO-39-3)
    (tags TO-39-3)
    (path /5DC2443B)
    (fp_text reference Q3 (at 2.54 -5.82 90) (layer F.SilkS)
      (effects (font (size 1 1) (thickness 0.15)))
    )
    (fp_text value 2N2219 (at 2.54 5.82 90) (layer F.Fab)
      (effects (font (size 1 1) (thickness 0.15)))
    )
    (fp_text user %R (at 2.54 -5.82 90) (layer F.Fab)
      (effects (font (size 1 1) (thickness 0.15)))
    )
    (fp_line (start -0.465408 -3.61352) (end -1.27151 -4.419621) (layer F.Fab) (width 0.1))
    (fp_line (start -1.27151 -4.419621) (end -1.879621 -3.81151) (layer F.Fab) (width 0.1))
    (fp_line (start -1.879621 -3.81151) (end -1.07352 -3.005408) (layer F.Fab) (width 0.1))
    (fp_line (start -0.457084 -3.774902) (end -1.348039 -4.665856) (layer F.SilkS) (width 0.12))
    (fp_line (start -1.348039 -4.665856) (end -2.125856 -3.888039) (layer F.SilkS) (width 0.12))
    (fp_line (start -2.125856 -3.888039) (end -1.234902 -2.997084) (layer F.SilkS) (width 0.12))
    (fp_line (start -2.41 -4.95) (end -2.41 4.95) (layer F.CrtYd) (width 0.05))
    (fp_line (start -2.41 4.95) (end 7.49 4.95) (layer F.CrtYd) (width 0.05))
    (fp_line (start 7.49 4.95) (end 7.49 -4.95) (layer F.CrtYd) (width 0.05))
    (fp_line (start 7.49 -4.95) (end -2.41 -4.95) (layer F.CrtYd) (width 0.05))
    (fp_circle (center 2.54 0) (end 6.79 0) (layer F.Fab) (width 0.1))
    (fp_arc (start 2.54 0) (end -0.465408 -3.61352) (angle 349.5) (layer F.Fab) (width 0.1))
    (fp_arc (start 2.54 0) (end -0.457084 -3.774902) (angle 346.9) (layer F.SilkS) (width 0.12))
    (pad 1 thru_hole oval (at 0 0 90) (size 1.6 1.2) (drill 0.7) (layers *.Cu *.Mask)
      (net 7 "Net-(Q3-Pad1)"))
    (pad 2 thru_hole oval (at 2.54 2.54 90) (size 1.2 1.2) (drill 0.7) (layers *.Cu *.Mask)
      (net 8 "Net-(Q3-Pad2)"))
    (pad 3 thru_hole oval (at 5.08 0 90) (size 1.2 1.2) (drill 0.7) (layers *.Cu *.Mask)
      (net 4 "Net-(Q1-Pad3)"))
    (model ${KISYS3DMOD}/Package_TO_SOT_THT.3dshapes/TO-39-3.wrl
      (at (xyz 0 0 0))
      (scale (xyz 1 1 1))
      (rotate (xyz 0 0 0))
    )
  )

  (module Package_TO_SOT_THT:TO-39-3 (layer F.Cu) (tedit 5A02FF81) (tstamp 5DC270B5)
    (at 176.3776 115.3541 90)
    (descr TO-39-3)
    (tags TO-39-3)
    (path /5DC24AE6)
    (fp_text reference Q4 (at 2.54 -5.82 90) (layer F.SilkS)
      (effects (font (size 1 1) (thickness 0.15)))
    )
    (fp_text value 2N2219 (at 2.54 5.82 90) (layer F.Fab)
      (effects (font (size 1 1) (thickness 0.15)))
    )
    (fp_arc (start 2.54 0) (end -0.457084 -3.774902) (angle 346.9) (layer F.SilkS) (width 0.12))
    (fp_arc (start 2.54 0) (end -0.465408 -3.61352) (angle 349.5) (layer F.Fab) (width 0.1))
    (fp_circle (center 2.54 0) (end 6.79 0) (layer F.Fab) (width 0.1))
    (fp_line (start 7.49 -4.95) (end -2.41 -4.95) (layer F.CrtYd) (width 0.05))
    (fp_line (start 7.49 4.95) (end 7.49 -4.95) (layer F.CrtYd) (width 0.05))
    (fp_line (start -2.41 4.95) (end 7.49 4.95) (layer F.CrtYd) (width 0.05))
    (fp_line (start -2.41 -4.95) (end -2.41 4.95) (layer F.CrtYd) (width 0.05))
    (fp_line (start -2.125856 -3.888039) (end -1.234902 -2.997084) (layer F.SilkS) (width 0.12))
    (fp_line (start -1.348039 -4.665856) (end -2.125856 -3.888039) (layer F.SilkS) (width 0.12))
    (fp_line (start -0.457084 -3.774902) (end -1.348039 -4.665856) (layer F.SilkS) (width 0.12))
    (fp_line (start -1.879621 -3.81151) (end -1.07352 -3.005408) (layer F.Fab) (width 0.1))
    (fp_line (start -1.27151 -4.419621) (end -1.879621 -3.81151) (layer F.Fab) (width 0.1))
    (fp_line (start -0.465408 -3.61352) (end -1.27151 -4.419621) (layer F.Fab) (width 0.1))
    (fp_text user %R (at 2.54 -5.82 90) (layer F.Fab)
      (effects (font (size 1 1) (thickness 0.15)))
    )
    (pad 3 thru_hole oval (at 5.08 0 90) (size 1.2 1.2) (drill 0.7) (layers *.Cu *.Mask)
      (net 1 "Net-(M1-Pad1)"))
    (pad 2 thru_hole oval (at 2.54 2.54 90) (size 1.2 1.2) (drill 0.7) (layers *.Cu *.Mask)
      (net 9 "Net-(Q4-Pad2)"))
    (pad 1 thru_hole oval (at 0 0 90) (size 1.6 1.2) (drill 0.7) (layers *.Cu *.Mask)
      (net 6 "Net-(Q2-Pad1)"))
    (model ${KISYS3DMOD}/Package_TO_SOT_THT.3dshapes/TO-39-3.wrl
      (at (xyz 0 0 0))
      (scale (xyz 1 1 1))
      (rotate (xyz 0 0 0))
    )
  )

  (module Resistor_SMD:R_0603_1608Metric_Pad1.05x0.95mm_HandSolder (layer F.Cu) (tedit 5B301BBD) (tstamp 5DC270C6)
    (at 150.2537 103.759)
    (descr "Resistor SMD 0603 (1608 Metric), square (rectangular) end terminal, IPC_7351 nominal with elongated pad for handsoldering. (Body size source: http://www.tortai-tech.com/upload/download/2011102023233369053.pdf), generated with kicad-footprint-generator")
    (tags "resistor handsolder")
    (path /5DC2597B)
    (attr smd)
    (fp_text reference R1 (at 0 -1.43) (layer F.SilkS)
      (effects (font (size 1 1) (thickness 0.15)))
    )
    (fp_text value R (at 0 1.43) (layer F.Fab)
      (effects (font (size 1 1) (thickness 0.15)))
    )
    (fp_line (start -0.8 0.4) (end -0.8 -0.4) (layer F.Fab) (width 0.1))
    (fp_line (start -0.8 -0.4) (end 0.8 -0.4) (layer F.Fab) (width 0.1))
    (fp_line (start 0.8 -0.4) (end 0.8 0.4) (layer F.Fab) (width 0.1))
    (fp_line (start 0.8 0.4) (end -0.8 0.4) (layer F.Fab) (width 0.1))
    (fp_line (start -0.171267 -0.51) (end 0.171267 -0.51) (layer F.SilkS) (width 0.12))
    (fp_line (start -0.171267 0.51) (end 0.171267 0.51) (layer F.SilkS) (width 0.12))
    (fp_line (start -1.65 0.73) (end -1.65 -0.73) (layer F.CrtYd) (width 0.05))
    (fp_line (start -1.65 -0.73) (end 1.65 -0.73) (layer F.CrtYd) (width 0.05))
    (fp_line (start 1.65 -0.73) (end 1.65 0.73) (layer F.CrtYd) (width 0.05))
    (fp_line (start 1.65 0.73) (end -1.65 0.73) (layer F.CrtYd) (width 0.05))
    (fp_text user %R (at 0 0) (layer F.Fab)
      (effects (font (size 0.4 0.4) (thickness 0.06)))
    )
    (pad 1 smd roundrect (at -0.875 0) (size 1.05 0.95) (layers F.Cu F.Paste F.Mask) (roundrect_rratio 0.25)
      (net 3 "Net-(Q1-Pad2)"))
    (pad 2 smd roundrect (at 0.875 0) (size 1.05 0.95) (layers F.Cu F.Paste F.Mask) (roundrect_rratio 0.25)
      (net 2 "Net-(M1-Pad2)"))
    (model ${KISYS3DMOD}/Resistor_SMD.3dshapes/R_0603_1608Metric.wrl
      (at (xyz 0 0 0))
      (scale (xyz 1 1 1))
      (rotate (xyz 0 0 0))
    )
  )

  (module Resistor_SMD:R_0603_1608Metric_Pad1.05x0.95mm_HandSolder (layer F.Cu) (tedit 5B301BBD) (tstamp 5DC270D7)
    (at 150.5077 111.5568)
    (descr "Resistor SMD 0603 (1608 Metric), square (rectangular) end terminal, IPC_7351 nominal with elongated pad for handsoldering. (Body size source: http://www.tortai-tech.com/upload/download/2011102023233369053.pdf), generated with kicad-footprint-generator")
    (tags "resistor handsolder")
    (path /5DC25E96)
    (attr smd)
    (fp_text reference R2 (at 0 -1.43) (layer F.SilkS)
      (effects (font (size 1 1) (thickness 0.15)))
    )
    (fp_text value R (at 0 1.43) (layer F.Fab)
      (effects (font (size 1 1) (thickness 0.15)))
    )
    (fp_text user %R (at 0 0) (layer F.Fab)
      (effects (font (size 0.4 0.4) (thickness 0.06)))
    )
    (fp_line (start 1.65 0.73) (end -1.65 0.73) (layer F.CrtYd) (width 0.05))
    (fp_line (start 1.65 -0.73) (end 1.65 0.73) (layer F.CrtYd) (width 0.05))
    (fp_line (start -1.65 -0.73) (end 1.65 -0.73) (layer F.CrtYd) (width 0.05))
    (fp_line (start -1.65 0.73) (end -1.65 -0.73) (layer F.CrtYd) (width 0.05))
    (fp_line (start -0.171267 0.51) (end 0.171267 0.51) (layer F.SilkS) (width 0.12))
    (fp_line (start -0.171267 -0.51) (end 0.171267 -0.51) (layer F.SilkS) (width 0.12))
    (fp_line (start 0.8 0.4) (end -0.8 0.4) (layer F.Fab) (width 0.1))
    (fp_line (start 0.8 -0.4) (end 0.8 0.4) (layer F.Fab) (width 0.1))
    (fp_line (start -0.8 -0.4) (end 0.8 -0.4) (layer F.Fab) (width 0.1))
    (fp_line (start -0.8 0.4) (end -0.8 -0.4) (layer F.Fab) (width 0.1))
    (pad 2 smd roundrect (at 0.875 0) (size 1.05 0.95) (layers F.Cu F.Paste F.Mask) (roundrect_rratio 0.25)
      (net 10 "Net-(R2-Pad2)"))
    (pad 1 smd roundrect (at -0.875 0) (size 1.05 0.95) (layers F.Cu F.Paste F.Mask) (roundrect_rratio 0.25)
      (net 5 "Net-(Q2-Pad2)"))
    (model ${KISYS3DMOD}/Resistor_SMD.3dshapes/R_0603_1608Metric.wrl
      (at (xyz 0 0 0))
      (scale (xyz 1 1 1))
      (rotate (xyz 0 0 0))
    )
  )

  (module Resistor_SMD:R_0603_1608Metric_Pad1.05x0.95mm_HandSolder (layer F.Cu) (tedit 5B301BBD) (tstamp 5DC270E8)
    (at 167.5511 101.8921)
    (descr "Resistor SMD 0603 (1608 Metric), square (rectangular) end terminal, IPC_7351 nominal with elongated pad for handsoldering. (Body size source: http://www.tortai-tech.com/upload/download/2011102023233369053.pdf), generated with kicad-footprint-generator")
    (tags "resistor handsolder")
    (path /5DC25499)
    (attr smd)
    (fp_text reference R3 (at 0 -1.43) (layer F.SilkS)
      (effects (font (size 1 1) (thickness 0.15)))
    )
    (fp_text value R (at 0 1.43) (layer F.Fab)
      (effects (font (size 1 1) (thickness 0.15)))
    )
    (fp_line (start -0.8 0.4) (end -0.8 -0.4) (layer F.Fab) (width 0.1))
    (fp_line (start -0.8 -0.4) (end 0.8 -0.4) (layer F.Fab) (width 0.1))
    (fp_line (start 0.8 -0.4) (end 0.8 0.4) (layer F.Fab) (width 0.1))
    (fp_line (start 0.8 0.4) (end -0.8 0.4) (layer F.Fab) (width 0.1))
    (fp_line (start -0.171267 -0.51) (end 0.171267 -0.51) (layer F.SilkS) (width 0.12))
    (fp_line (start -0.171267 0.51) (end 0.171267 0.51) (layer F.SilkS) (width 0.12))
    (fp_line (start -1.65 0.73) (end -1.65 -0.73) (layer F.CrtYd) (width 0.05))
    (fp_line (start -1.65 -0.73) (end 1.65 -0.73) (layer F.CrtYd) (width 0.05))
    (fp_line (start 1.65 -0.73) (end 1.65 0.73) (layer F.CrtYd) (width 0.05))
    (fp_line (start 1.65 0.73) (end -1.65 0.73) (layer F.CrtYd) (width 0.05))
    (fp_text user %R (at 0 0) (layer F.Fab)
      (effects (font (size 0.4 0.4) (thickness 0.06)))
    )
    (pad 1 smd roundrect (at -0.875 0) (size 1.05 0.95) (layers F.Cu F.Paste F.Mask) (roundrect_rratio 0.25)
      (net 8 "Net-(Q3-Pad2)"))
    (pad 2 smd roundrect (at 0.875 0) (size 1.05 0.95) (layers F.Cu F.Paste F.Mask) (roundrect_rratio 0.25)
      (net 10 "Net-(R2-Pad2)"))
    (model ${KISYS3DMOD}/Resistor_SMD.3dshapes/R_0603_1608Metric.wrl
      (at (xyz 0 0 0))
      (scale (xyz 1 1 1))
      (rotate (xyz 0 0 0))
    )
  )

  (module Resistor_SMD:R_0603_1608Metric_Pad1.05x0.95mm_HandSolder (layer F.Cu) (tedit 5B301BBD) (tstamp 5DC270F9)
    (at 167.9448 111.3409)
    (descr "Resistor SMD 0603 (1608 Metric), square (rectangular) end terminal, IPC_7351 nominal with elongated pad for handsoldering. (Body size source: http://www.tortai-tech.com/upload/download/2011102023233369053.pdf), generated with kicad-footprint-generator")
    (tags "resistor handsolder")
    (path /5DC257DA)
    (attr smd)
    (fp_text reference R4 (at 0 -1.43) (layer F.SilkS)
      (effects (font (size 1 1) (thickness 0.15)))
    )
    (fp_text value R (at 0 1.43) (layer F.Fab)
      (effects (font (size 1 1) (thickness 0.15)))
    )
    (fp_text user %R (at 0 0) (layer F.Fab)
      (effects (font (size 0.4 0.4) (thickness 0.06)))
    )
    (fp_line (start 1.65 0.73) (end -1.65 0.73) (layer F.CrtYd) (width 0.05))
    (fp_line (start 1.65 -0.73) (end 1.65 0.73) (layer F.CrtYd) (width 0.05))
    (fp_line (start -1.65 -0.73) (end 1.65 -0.73) (layer F.CrtYd) (width 0.05))
    (fp_line (start -1.65 0.73) (end -1.65 -0.73) (layer F.CrtYd) (width 0.05))
    (fp_line (start -0.171267 0.51) (end 0.171267 0.51) (layer F.SilkS) (width 0.12))
    (fp_line (start -0.171267 -0.51) (end 0.171267 -0.51) (layer F.SilkS) (width 0.12))
    (fp_line (start 0.8 0.4) (end -0.8 0.4) (layer F.Fab) (width 0.1))
    (fp_line (start 0.8 -0.4) (end 0.8 0.4) (layer F.Fab) (width 0.1))
    (fp_line (start -0.8 -0.4) (end 0.8 -0.4) (layer F.Fab) (width 0.1))
    (fp_line (start -0.8 0.4) (end -0.8 -0.4) (layer F.Fab) (width 0.1))
    (pad 2 smd roundrect (at 0.875 0) (size 1.05 0.95) (layers F.Cu F.Paste F.Mask) (roundrect_rratio 0.25)
      (net 2 "Net-(M1-Pad2)"))
    (pad 1 smd roundrect (at -0.875 0) (size 1.05 0.95) (layers F.Cu F.Paste F.Mask) (roundrect_rratio 0.25)
      (net 9 "Net-(Q4-Pad2)"))
    (model ${KISYS3DMOD}/Resistor_SMD.3dshapes/R_0603_1608Metric.wrl
      (at (xyz 0 0 0))
      (scale (xyz 1 1 1))
      (rotate (xyz 0 0 0))
    )
  )

  (module Button_Switch_THT:Push_E-Switch_KS01Q01 (layer F.Cu) (tedit 5A02FE31) (tstamp 5DC27108)
    (at 125.1839 100.9523)
    (descr "E-Switch KS01Q01 http://spec_sheets.e-switch.com/specs/29-KS01Q01.pdf")
    (tags "Push Button")
    (path /5DC2BD98)
    (fp_text reference SW1 (at 2.5 -4.5) (layer F.SilkS)
      (effects (font (size 1 1) (thickness 0.15)))
    )
    (fp_text value SW_SPST (at 2.5 9.5) (layer F.Fab)
      (effects (font (size 1 1) (thickness 0.15)))
    )
    (fp_line (start 0.04 8.39) (end 5.06 8.39) (layer F.CrtYd) (width 0.05))
    (fp_arc (start 2.55 2.5) (end 0.04 8.39) (angle 313.8378348) (layer F.CrtYd) (width 0.05))
    (fp_line (start 0.11 8) (end 4.89 8) (layer F.Fab) (width 0.1))
    (fp_arc (start 2.5 2.5) (end 0.11 8) (angle 313) (layer F.Fab) (width 0.1))
    (fp_text user %R (at 2.5 2.5) (layer F.Fab)
      (effects (font (size 1 1) (thickness 0.15)))
    )
    (fp_line (start 4.89 8.14) (end 0.11 8.14) (layer F.SilkS) (width 0.15))
    (fp_arc (start 2.5 2.5) (end 0.11 8.14) (angle 314) (layer F.SilkS) (width 0.15))
    (pad 1 thru_hole circle (at 0 0) (size 2 2) (drill 1.1) (layers *.Cu *.Mask)
      (net 11 "Net-(SW1-Pad1)"))
    (pad 2 thru_hole circle (at 5 0) (size 2 2) (drill 1.1) (layers *.Cu *.Mask)
      (net 4 "Net-(Q1-Pad3)"))
    (pad 4 thru_hole circle (at 5 5) (size 2 2) (drill 1.1) (layers *.Cu *.Mask))
    (pad 3 thru_hole circle (at 0 5) (size 2 2) (drill 1.1) (layers *.Cu *.Mask))
    (model ${KISYS3DMOD}/Button_Switch_THT.3dshapes/Push_E-Switch_KS01Q01.wrl
      (at (xyz 0 0 0))
      (scale (xyz 1 1 1))
      (rotate (xyz 0 0 0))
    )
  )

  (module Button_Switch_SMD:SW_SPDT_CK-JS102011SAQN (layer F.Cu) (tedit 5A02FC95) (tstamp 5DC27163)
    (at 141.7193 101.0285 90)
    (descr "Sub-miniature slide switch, right-angle, http://www.ckswitches.com/media/1422/js.pdf")
    (tags "switch spdt")
    (path /5DC2FA6B)
    (attr smd)
    (fp_text reference SW2 (at 0 -4.8 90) (layer F.SilkS)
      (effects (font (size 1 1) (thickness 0.15)))
    )
    (fp_text value SW_SPDT (at 0 -2.9 90) (layer F.Fab)
      (effects (font (size 1 1) (thickness 0.15)))
    )
    (fp_line (start -4.5 -1.8) (end 4.5 -1.8) (layer F.Fab) (width 0.1))
    (fp_line (start 4.5 -1.8) (end 4.5 1.8) (layer F.Fab) (width 0.1))
    (fp_line (start 4.5 1.8) (end -4.4 1.8) (layer F.Fab) (width 0.1))
    (fp_line (start -4.4 1.8) (end -4.5 1.8) (layer F.Fab) (width 0.1))
    (fp_line (start -4.5 1.8) (end -4.5 1.8) (layer F.Fab) (width 0.1))
    (fp_line (start -4.5 -1.8) (end -4.5 1.8) (layer F.Fab) (width 0.1))
    (fp_line (start -4.5 1.8) (end -4.5 1.8) (layer F.Fab) (width 0.1))
    (fp_text user %R (at 0 0 90) (layer F.Fab)
      (effects (font (size 1 1) (thickness 0.15)))
    )
    (fp_line (start -1.5 1.8) (end -1.5 1.8) (layer F.Fab) (width 0.1))
    (fp_line (start 3.2 -1.9) (end 4.6 -1.9) (layer F.SilkS) (width 0.12))
    (fp_line (start 4.6 -1.9) (end 4.6 1.9) (layer F.SilkS) (width 0.12))
    (fp_line (start -4.6 1.9) (end -4.6 -1.9) (layer F.SilkS) (width 0.12))
    (fp_line (start -4.6 -1.9) (end -3.2 -1.9) (layer F.SilkS) (width 0.12))
    (fp_line (start 1.8 -1.9) (end 0.7 -1.9) (layer F.SilkS) (width 0.12))
    (fp_line (start 0.7 -1.9) (end 0.7 -1.9) (layer F.SilkS) (width 0.12))
    (fp_line (start -0.7 -1.9) (end -1.8 -1.9) (layer F.SilkS) (width 0.12))
    (fp_line (start -1.8 -1.9) (end -1.8 -1.9) (layer F.SilkS) (width 0.12))
    (fp_line (start 0.3 1.8) (end 0.3 2.1) (layer F.Fab) (width 0.1))
    (fp_line (start 0.3 2.1) (end -0.3 2.1) (layer F.Fab) (width 0.1))
    (fp_line (start -0.3 2.1) (end -0.3 1.8) (layer F.Fab) (width 0.1))
    (fp_line (start -0.3 1.8) (end -0.3 1.8) (layer F.Fab) (width 0.1))
    (fp_line (start -2.2 1.8) (end -2.2 2.1) (layer F.Fab) (width 0.1))
    (fp_line (start -2.2 2.1) (end -2.8 2.1) (layer F.Fab) (width 0.1))
    (fp_line (start -2.8 2.1) (end -2.8 1.8) (layer F.Fab) (width 0.1))
    (fp_line (start -2.8 1.8) (end -2.8 1.8) (layer F.Fab) (width 0.1))
    (fp_line (start 2.2 1.8) (end 2.2 2.1) (layer F.Fab) (width 0.1))
    (fp_line (start 2.2 2.1) (end 2.8 2.1) (layer F.Fab) (width 0.1))
    (fp_line (start 2.8 2.1) (end 2.8 1.8) (layer F.Fab) (width 0.1))
    (fp_line (start 2.8 1.8) (end 2.8 1.8) (layer F.Fab) (width 0.1))
    (fp_line (start 4.6 1.9) (end 2.9 1.9) (layer F.SilkS) (width 0.12))
    (fp_line (start 2.9 1.9) (end 2.9 2.2) (layer F.SilkS) (width 0.12))
    (fp_line (start 2.9 2.2) (end 2.1 2.2) (layer F.SilkS) (width 0.12))
    (fp_line (start 2.1 2.2) (end 2.1 1.9) (layer F.SilkS) (width 0.12))
    (fp_line (start 2.1 1.9) (end 0.4 1.9) (layer F.SilkS) (width 0.12))
    (fp_line (start 0.4 1.9) (end 0.4 2.2) (layer F.SilkS) (width 0.12))
    (fp_line (start 0.4 2.2) (end -0.4 2.2) (layer F.SilkS) (width 0.12))
    (fp_line (start -0.4 2.2) (end -0.4 1.9) (layer F.SilkS) (width 0.12))
    (fp_line (start -0.4 1.9) (end -2.1 1.9) (layer F.SilkS) (width 0.12))
    (fp_line (start -2.1 1.9) (end -2.1 2.2) (layer F.SilkS) (width 0.12))
    (fp_line (start -2.1 2.2) (end -2.9 2.2) (layer F.SilkS) (width 0.12))
    (fp_line (start -2.9 2.2) (end -2.9 1.9) (layer F.SilkS) (width 0.12))
    (fp_line (start -2.9 1.9) (end -4.6 1.9) (layer F.SilkS) (width 0.12))
    (fp_line (start -4.6 1.9) (end -4.6 1.9) (layer F.SilkS) (width 0.12))
    (fp_line (start -0.5 1.8) (end -0.5 3.8) (layer F.Fab) (width 0.1))
    (fp_line (start -0.5 3.8) (end -2 3.8) (layer F.Fab) (width 0.1))
    (fp_line (start -2 3.8) (end -2 1.8) (layer F.Fab) (width 0.1))
    (fp_line (start -2 1.8) (end -2 1.8) (layer F.Fab) (width 0.1))
    (fp_line (start -5 -2.25) (end -5 2.25) (layer F.CrtYd) (width 0.05))
    (fp_line (start -5 2.25) (end -3.25 2.25) (layer F.CrtYd) (width 0.05))
    (fp_line (start -3.25 2.25) (end -3.25 2.75) (layer F.CrtYd) (width 0.05))
    (fp_line (start -3.25 2.75) (end -2.5 2.75) (layer F.CrtYd) (width 0.05))
    (fp_line (start -2.5 2.75) (end -2.5 4.25) (layer F.CrtYd) (width 0.05))
    (fp_line (start -2.5 4.25) (end 2.5 4.25) (layer F.CrtYd) (width 0.05))
    (fp_line (start 2.5 4.25) (end 2.5 2.5) (layer F.CrtYd) (width 0.05))
    (fp_line (start 2.5 2.5) (end 3.25 2.5) (layer F.CrtYd) (width 0.05))
    (fp_line (start 3.25 2.5) (end 3.25 2.25) (layer F.CrtYd) (width 0.05))
    (fp_line (start 3.25 2.25) (end 5 2.25) (layer F.CrtYd) (width 0.05))
    (fp_line (start 5 2.25) (end 5 -2.25) (layer F.CrtYd) (width 0.05))
    (fp_line (start 5 -2.25) (end 3.5 -2.25) (layer F.CrtYd) (width 0.05))
    (fp_line (start 3.5 -2.25) (end 3.5 -4.5) (layer F.CrtYd) (width 0.05))
    (fp_line (start 3.5 -4.5) (end -3.5 -4.5) (layer F.CrtYd) (width 0.05))
    (fp_line (start -3.5 -4.5) (end -3.5 -2.25) (layer F.CrtYd) (width 0.05))
    (fp_line (start -3.5 -2.25) (end -5 -2.25) (layer F.CrtYd) (width 0.05))
    (fp_line (start -5 -2.25) (end -5 -2.25) (layer F.CrtYd) (width 0.05))
    (fp_line (start -2 3.8) (end -2 3.3) (layer F.SilkS) (width 0.12))
    (fp_line (start -2 3.3) (end -2 3.3) (layer F.SilkS) (width 0.12))
    (fp_line (start -2 3.8) (end -1.5 3.8) (layer F.SilkS) (width 0.12))
    (fp_line (start -1.5 3.8) (end -1.5 3.8) (layer F.SilkS) (width 0.12))
    (fp_line (start 2 3.8) (end 1.5 3.8) (layer F.SilkS) (width 0.12))
    (fp_line (start 1.5 3.8) (end 1.5 3.8) (layer F.SilkS) (width 0.12))
    (fp_line (start 2 3.8) (end 2 3.3) (layer F.SilkS) (width 0.12))
    (fp_line (start 2 3.3) (end 2 3.3) (layer F.SilkS) (width 0.12))
    (fp_line (start 2 3) (end 2 2.5) (layer F.SilkS) (width 0.12))
    (fp_line (start 2 2.5) (end 2 2.5) (layer F.SilkS) (width 0.12))
    (fp_line (start -2 3) (end -2 2.5) (layer F.SilkS) (width 0.12))
    (fp_line (start -2 2.5) (end -2 2.5) (layer F.SilkS) (width 0.12))
    (fp_line (start -1.2 3.8) (end -0.7 3.8) (layer F.SilkS) (width 0.12))
    (fp_line (start -0.7 3.8) (end -0.7 3.8) (layer F.SilkS) (width 0.12))
    (fp_line (start 1.2 3.8) (end 0.7 3.8) (layer F.SilkS) (width 0.12))
    (fp_line (start 0.7 3.8) (end 0.7 3.8) (layer F.SilkS) (width 0.12))
    (fp_line (start 0.4 3.8) (end -0.4 3.8) (layer F.SilkS) (width 0.12))
    (fp_line (start -0.4 3.8) (end -0.4 3.8) (layer F.SilkS) (width 0.12))
    (pad 1 smd rect (at -2.5 -2.75 90) (size 1.25 2.5) (layers F.Cu F.Paste F.Mask)
      (net 2 "Net-(M1-Pad2)"))
    (pad 2 smd rect (at 0 -2.75 90) (size 1.25 2.5) (layers F.Cu F.Paste F.Mask)
      (net 4 "Net-(Q1-Pad3)"))
    (pad 3 smd rect (at 2.5 -2.75 90) (size 1.25 2.5) (layers F.Cu F.Paste F.Mask)
      (net 10 "Net-(R2-Pad2)"))
    (pad "" np_thru_hole circle (at -3.4 0 90) (size 0.9 0.9) (drill 0.9) (layers *.Cu *.Mask))
    (pad "" np_thru_hole circle (at 3.4 0 90) (size 0.9 0.9) (drill 0.9) (layers *.Cu *.Mask))
    (model ${KISYS3DMOD}/Button_Switch_SMD.3dshapes/SW_SPDT_CK-JS102011SAQN.wrl
      (at (xyz 0 0 0))
      (scale (xyz 1 1 1))
      (rotate (xyz 0 0 0))
    )
  )

  (module TerminalBlock:TerminalBlock_bornier-2_P5.08mm (layer F.Cu) (tedit 59FF03AB) (tstamp 5DC27178)
    (at 138.6078 111.8235)
    (descr "simple 2-pin terminal block, pitch 5.08mm, revamped version of bornier2")
    (tags "terminal block bornier2")
    (path /5DC337CF)
    (fp_text reference V1 (at 2.54 -5.08) (layer F.SilkS)
      (effects (font (size 1 1) (thickness 0.15)))
    )
    (fp_text value VSOURCE (at 2.54 5.08) (layer F.Fab)
      (effects (font (size 1 1) (thickness 0.15)))
    )
    (fp_line (start 7.79 4) (end -2.71 4) (layer F.CrtYd) (width 0.05))
    (fp_line (start 7.79 4) (end 7.79 -4) (layer F.CrtYd) (width 0.05))
    (fp_line (start -2.71 -4) (end -2.71 4) (layer F.CrtYd) (width 0.05))
    (fp_line (start -2.71 -4) (end 7.79 -4) (layer F.CrtYd) (width 0.05))
    (fp_line (start -2.54 3.81) (end 7.62 3.81) (layer F.SilkS) (width 0.12))
    (fp_line (start -2.54 -3.81) (end -2.54 3.81) (layer F.SilkS) (width 0.12))
    (fp_line (start 7.62 -3.81) (end -2.54 -3.81) (layer F.SilkS) (width 0.12))
    (fp_line (start 7.62 3.81) (end 7.62 -3.81) (layer F.SilkS) (width 0.12))
    (fp_line (start 7.62 2.54) (end -2.54 2.54) (layer F.SilkS) (width 0.12))
    (fp_line (start 7.54 -3.75) (end -2.46 -3.75) (layer F.Fab) (width 0.1))
    (fp_line (start 7.54 3.75) (end 7.54 -3.75) (layer F.Fab) (width 0.1))
    (fp_line (start -2.46 3.75) (end 7.54 3.75) (layer F.Fab) (width 0.1))
    (fp_line (start -2.46 -3.75) (end -2.46 3.75) (layer F.Fab) (width 0.1))
    (fp_line (start -2.41 2.55) (end 7.49 2.55) (layer F.Fab) (width 0.1))
    (fp_text user %R (at 2.54 0) (layer F.Fab)
      (effects (font (size 1 1) (thickness 0.15)))
    )
    (pad 2 thru_hole circle (at 5.08 0) (size 3 3) (drill 1.52) (layers *.Cu *.Mask)
      (net 6 "Net-(Q2-Pad1)"))
    (pad 1 thru_hole rect (at 0 0) (size 3 3) (drill 1.52) (layers *.Cu *.Mask)
      (net 11 "Net-(SW1-Pad1)"))
    (model ${KISYS3DMOD}/TerminalBlock.3dshapes/TerminalBlock_bornier-2_P5.08mm.wrl
      (offset (xyz 2.539999961853027 0 0))
      (scale (xyz 1 1 1))
      (rotate (xyz 0 0 0))
    )
  )

  (gr_line (start 119.38 94.1451) (end 119.38 95.3262) (layer F.SilkS) (width 0.15))
  (gr_line (start 119.4435 94.1197) (end 119.38 94.0816) (layer F.SilkS) (width 0.15))
  (gr_line (start 195.6181 94.1451) (end 119.4435 94.1197) (layer F.SilkS) (width 0.15))
  (gr_line (start 195.6181 96.1644) (end 195.6181 94.1451) (layer F.SilkS) (width 0.15))
  (gr_line (start 195.6054 119.4816) (end 195.6181 96.1644) (layer F.SilkS) (width 0.15))
  (gr_line (start 119.38 119.3927) (end 195.6054 119.4816) (layer F.SilkS) (width 0.15))
  (gr_line (start 119.38 95.2373) (end 119.38 119.3927) (layer F.SilkS) (width 0.15))

  (segment (start 189.0903 110.2741) (end 189.1792 110.1852) (width 0.25) (layer F.Cu) (net 1))
  (segment (start 176.3776 110.2741) (end 189.0903 110.2741) (width 0.25) (layer F.Cu) (net 1))
  (segment (start 185.2549 111.3409) (end 168.8198 111.3409) (width 0.25) (layer F.Cu) (net 2))
  (segment (start 189.1792 115.2652) (end 185.2549 111.3409) (width 0.25) (layer F.Cu) (net 2))
  (segment (start 167.0418 109.5629) (end 168.8198 111.3409) (width 0.25) (layer F.Cu) (net 2))
  (segment (start 158.6103 109.5629) (end 167.0418 109.5629) (width 0.25) (layer F.Cu) (net 2))
  (segment (start 159.4476 103.8987) (end 158.5976 103.8987) (width 0.25) (layer F.Cu) (net 2))
  (segment (start 159.966602 103.8987) (end 159.4476 103.8987) (width 0.25) (layer F.Cu) (net 2))
  (segment (start 163.223222 100.64208) (end 159.966602 103.8987) (width 0.25) (layer F.Cu) (net 2))
  (segment (start 179.265182 100.64208) (end 163.223222 100.64208) (width 0.25) (layer F.Cu) (net 2))
  (segment (start 179.906101 102.171001) (end 179.906101 101.282999) (width 0.25) (layer F.Cu) (net 2))
  (segment (start 179.384992 102.69211) (end 179.906101 102.171001) (width 0.25) (layer F.Cu) (net 2))
  (segment (start 168.8375 102.69211) (end 179.384992 102.69211) (width 0.25) (layer F.Cu) (net 2))
  (segment (start 161.96671 109.5629) (end 168.8375 102.69211) (width 0.25) (layer F.Cu) (net 2))
  (segment (start 179.906101 101.282999) (end 179.265182 100.64208) (width 0.25) (layer F.Cu) (net 2))
  (segment (start 158.6103 109.5629) (end 161.96671 109.5629) (width 0.25) (layer F.Cu) (net 2))
  (segment (start 158.4579 103.759) (end 158.5976 103.8987) (width 0.25) (layer F.Cu) (net 2))
  (segment (start 151.1287 103.759) (end 158.4579 103.759) (width 0.25) (layer F.Cu) (net 2))
  (segment (start 150.629628 104.258072) (end 151.1287 103.759) (width 0.25) (layer F.Cu) (net 2))
  (segment (start 150.32869 104.55901) (end 150.629628 104.258072) (width 0.25) (layer F.Cu) (net 2))
  (segment (start 148.8582 104.55901) (end 150.32869 104.55901) (width 0.25) (layer F.Cu) (net 2))
  (segment (start 147.82769 103.5285) (end 148.8582 104.55901) (width 0.25) (layer F.Cu) (net 2))
  (segment (start 138.9693 103.5285) (end 147.82769 103.5285) (width 0.25) (layer F.Cu) (net 2))
  (segment (start 149.877772 103.259928) (end 149.3787 103.759) (width 0.25) (layer F.Cu) (net 3))
  (segment (start 150.17871 102.95899) (end 149.877772 103.259928) (width 0.25) (layer F.Cu) (net 3))
  (segment (start 158.029149 102.95899) (end 150.17871 102.95899) (width 0.25) (layer F.Cu) (net 3))
  (segment (start 159.629439 101.3587) (end 158.029149 102.95899) (width 0.25) (layer F.Cu) (net 3))
  (segment (start 161.1376 101.3587) (end 159.629439 101.3587) (width 0.25) (layer F.Cu) (net 3))
  (segment (start 158.9659 99.187) (end 158.5976 98.8187) (width 0.25) (layer F.Cu) (net 4))
  (segment (start 176.4411 99.187) (end 158.9659 99.187) (width 0.25) (layer F.Cu) (net 4))
  (segment (start 138.8931 100.9523) (end 138.9693 101.0285) (width 0.25) (layer F.Cu) (net 4))
  (segment (start 130.1839 100.9523) (end 138.8931 100.9523) (width 0.25) (layer F.Cu) (net 4))
  (segment (start 156.3878 101.0285) (end 158.5976 98.8187) (width 0.25) (layer F.Cu) (net 4))
  (segment (start 138.9693 101.0285) (end 156.3878 101.0285) (width 0.25) (layer F.Cu) (net 4))
  (segment (start 160.550301 112.702899) (end 161.1503 112.1029) (width 0.25) (layer F.Cu) (net 5))
  (segment (start 150.203799 112.702899) (end 160.550301 112.702899) (width 0.25) (layer F.Cu) (net 5))
  (segment (start 149.6327 112.1318) (end 150.203799 112.702899) (width 0.25) (layer F.Cu) (net 5))
  (segment (start 149.6327 111.5568) (end 149.6327 112.1318) (width 0.25) (layer F.Cu) (net 5))
  (segment (start 146.5072 114.6429) (end 158.6103 114.6429) (width 0.25) (layer F.Cu) (net 6))
  (segment (start 143.6878 111.8235) (end 146.5072 114.6429) (width 0.25) (layer F.Cu) (net 6))
  (segment (start 175.6664 114.6429) (end 176.3776 115.3541) (width 0.25) (layer F.Cu) (net 6))
  (segment (start 158.6103 114.6429) (end 175.6664 114.6429) (width 0.25) (layer F.Cu) (net 6))
  (segment (start 167.175172 101.393028) (end 166.6761 101.8921) (width 0.25) (layer F.Cu) (net 8))
  (segment (start 167.47611 101.09209) (end 167.175172 101.393028) (width 0.25) (layer F.Cu) (net 8))
  (segment (start 177.497662 101.09209) (end 167.47611 101.09209) (width 0.25) (layer F.Cu) (net 8))
  (segment (start 178.132572 101.727) (end 177.497662 101.09209) (width 0.25) (layer F.Cu) (net 8))
  (segment (start 178.9811 101.727) (end 178.132572 101.727) (width 0.25) (layer F.Cu) (net 8))
  (segment (start 168.543 112.8141) (end 167.0698 111.3409) (width 0.25) (layer F.Cu) (net 9))
  (segment (start 178.9176 112.8141) (end 168.543 112.8141) (width 0.25) (layer F.Cu) (net 9))
  (segment (start 154.301601 108.637899) (end 151.881772 111.057728) (width 0.25) (layer F.Cu) (net 10))
  (segment (start 162.255301 108.637899) (end 154.301601 108.637899) (width 0.25) (layer F.Cu) (net 10))
  (segment (start 168.4261 102.4671) (end 162.255301 108.637899) (width 0.25) (layer F.Cu) (net 10))
  (segment (start 168.4261 101.8921) (end 168.4261 102.4671) (width 0.25) (layer F.Cu) (net 10))
  (segment (start 151.881772 111.057728) (end 151.3827 111.5568) (width 0.25) (layer F.Cu) (net 10))
  (segment (start 163.680512 113.26411) (end 161.47413 111.057728) (width 0.25) (layer F.Cu) (net 10))
  (segment (start 177.30261 114.770949) (end 175.795771 113.26411) (width 0.25) (layer F.Cu) (net 10))
  (segment (start 177.30261 115.937251) (end 177.30261 114.770949) (width 0.25) (layer F.Cu) (net 10))
  (segment (start 176.760751 116.47911) (end 177.30261 115.937251) (width 0.25) (layer F.Cu) (net 10))
  (segment (start 141.862799 112.699501) (end 145.642408 116.47911) (width 0.25) (layer F.Cu) (net 10))
  (segment (start 141.862799 111.493497) (end 141.862799 112.699501) (width 0.25) (layer F.Cu) (net 10))
